Classification Report:
              precision    recall  f1-score   support

           0     0.0909    0.0361    0.0517       166
           1     0.1111    0.0429    0.0619       210
           2     0.2015    0.1448    0.1685       366
           3     0.2778    0.1208    0.1684       207
           4     0.0905    0.2969    0.1387       128
           5     0.0833    0.0714    0.0769        98
           6     0.0986    0.1954    0.1310       174

    accuracy                         0.1275      1349
   macro avg     0.1362    0.1298    0.1139      1349
weighted avg     0.1531    0.1275    0.1232      1349

Confusion Matrix:
[[  6   7  35   5  71  11  31]
 [  6   9  42  10  73  13  57]
 [ 17  37  53  33  89  18 119]
 [ 16   8  45  25  48  20  45]
 [  7   6  23   7  38   8  39]
 [  2   6  18   3  42   7  20]
 [ 12   8  47   7  59   7  34]]